1358645955.026920,0
1358645955.138313,10
1358645955.249380,20
1358645955.360454,26
1358645955.472496,25
1358645955.584355,38
1358645955.695593,42
1358645955.806856,47
1358645955.918715,52
1358645956.029999,54
1358645956.141779,48
1358645956.253094,57
1358645956.364369,68
1358645956.475214,56
1358645956.586574,67
1358645956.698302,80
1358645956.809067,67
1358645956.920623,84
1358645957.031651,72
1358645957.143785,89
1358645957.254846,76
1358645957.367112,96
1358645957.478827,83
1358645957.589715,96
1358645957.701167,84
1358645957.812504,99
1358645957.924478,87
1358645958.035754,74
1358645958.147768,95
1358645958.258889,82
1358645958.369950,71
1358645958.480471,62
1358645958.591133,54
1358645958.701451,41
1358645958.812435,28
1358645958.923182,17
1358645959.033978,57
1358645959.144328,59
1358645959.254634,60
1358645959.365312,61
1358645959.475735,63
1358645959.586261,63
1358645959.697090,62
1358645959.807577,64
1358645959.919041,63
1358645960.029975,65
1358645960.140842,65
1358645960.251363,64
1358645960.362410,65
1358645960.473262,65
1358645960.583708,65
1358645960.694387,65
1358645960.804703,66
1358645960.915223,66
1358645961.025678,66
1358645961.136019,67
1358645961.246472,67
1358645961.356893,66
1358645961.468782,65
1358645961.580439,67
1358645961.691736,66
1358645961.802818,66
1358645961.913489,68
1358645962.024203,67
1358645962.134637,68
1358645962.245094,68
1358645962.355414,68
1358645962.466004,68
1358645962.576215,68
1358645962.686582,69
1358645962.797501,69
1358645962.908786,70
1358645963.020160,70
1358645963.131630,70
1358645963.243263,71
1358645963.354065,71
1358645963.464898,71
1358645963.575395,72
1358645963.685910,72
1358645963.796266,75
1358645963.908276,74
1358645964.020429,73
1358645964.132045,74
1358645964.243288,74
1358645964.354167,74
1358645964.464698,74
1358645964.575337,73
1358645964.685863,74
1358645964.796188,73
1358645964.906901,74
1358645965.017474,74
1358645965.127675,74
1358645965.237980,73
1358645965.348196,73
1358645965.458533,74
1358645965.569334,74
1358645965.679731,74
1358645965.790390,75
1358645965.900967,76
1358645966.011572,75
1358645966.122002,76
1358645966.233905,76
1358645966.345322,76
1358645966.456995,75
1358645966.567944,76
1358645966.679746,76
1358645966.791248,76
1358645966.902898,78
1358645967.014323,77
1358645967.125601,77
1358645967.236990,79
1358645967.347980,78
1358645967.459849,78
1358645967.572291,78
1358645967.685469,78
1358645967.797953,77
1358645967.909169,77
1358645968.019955,79
1358645968.131123,78
1358645968.243252,78
1358645968.355548,78
1358645968.467418,79
1358645968.578723,79
1358645968.689372,79
1358645968.800246,78
1358645968.910822,78
1358645969.021111,79
1358645969.131135,78
1358645969.242931,78
1358645969.354190,77
1358645969.465863,79
1358645969.577829,80
1358645969.689376,81
1358645969.800338,81
1358645969.911728,81
1358645970.022850,80
1358645970.135036,80
1358645970.246921,80
1358645970.358307,81
1358645970.471230,81
1358645970.583624,81
1358645970.694821,81
1358645970.809360,80
1358645970.920570,81
1358645971.032606,83
1358645971.143790,83
1358645971.255390,82
1358645971.367366,83
1358645971.478880,81
1358645971.590566,80
1358645971.701711,81
1358645971.813289,81
1358645971.924673,82
1358645972.035686,84
1358645972.147826,81
1358645972.259707,81
1358645972.371661,81
1358645972.483256,82
1358645972.594837,82
1358645972.706111,82
1358645972.817683,83
1358645972.929302,81
1358645973.040836,82
1358645973.152342,83
1358645973.263615,83
1358645973.375863,83
1358645973.487066,84
1358645973.597931,82
1358645973.708639,82
1358645973.820048,83
1358645973.931206,83
1358645974.042082,83
1358645974.152725,83
1358645974.264204,83
1358645974.376041,82
1358645974.487799,83
1358645974.598717,84
1358645974.709073,85
1358645974.819760,83
1358645974.930159,83
1358645975.041218,84
1358645975.152786,84
1358645975.264184,85
1358645975.375720,84
1358645975.486709,83
1358645975.597594,85
1358645975.708451,84
1358645975.819261,84
1358645975.929871,84
1358645976.040442,84
1358645976.151057,85
1358645976.261670,85
1358645976.372909,86
1358645976.484879,85
1358645976.597309,86
1358645976.709325,86
1358645976.820822,85
1358645976.933080,86
1358645977.044571,86
1358645977.156369,86
1358645977.268336,88
1358645977.379373,87
1358645977.491404,87
1358645977.602553,88
1358645977.713477,87
1358645977.824511,88
1358645977.936301,86
1358645978.048260,86
1358645978.159732,86
1358645978.271081,87
1358645978.382056,88
1358645978.493282,88
1358645978.604966,87
1358645978.716156,87
1358645978.827589,86
1358645978.938515,88
1358645979.050696,87
1358645979.161941,87
1358645979.272753,86
1358645979.383671,86
1358645979.494481,88
1358645979.605289,88
1358645979.715922,88
1358645979.826735,87
1358645979.937037,88
1358645980.047449,88
1358645980.159247,88
1358645980.270704,88
1358645980.382094,87
1358645980.492933,87
1358645980.604394,88
1358645980.715594,89
1358645980.827428,89
1358645980.938785,89
1358645981.050786,90
1358645981.162156,87
1358645981.273746,88
1358645981.385352,90
1358645981.497182,90
1358645981.609701,89
1358645981.721082,89
1358645981.831818,88
1358645981.942333,88
1358645982.052882,90
1358645982.163813,90
1358645982.276750,90
1358645982.388603,91
1358645982.499932,91
1358645982.610921,89
1358645982.723152,89
1358645982.834583,90
1358645982.946020,90
1358645983.056876,91
1358645983.167646,92
1358645983.278423,90
1358645983.389418,90
1358645983.500230,91
1358645983.611320,92
1358645983.724074,92
1358645983.835556,91
1358645983.946251,90
1358645984.058154,90
1358645984.169307,92
1358645984.280684,90
1358645984.391593,93
1358645984.501965,92
1358645984.612383,92
1358645984.722647,93
1358645984.833260,93
1358645984.945062,94
1358645985.057162,92
1358645985.168522,92
1358645985.280086,92
1358645985.391353,92
1358645985.502536,92
1358645985.613290,94
1358645985.724765,88
1358645985.836715,92
1358645985.948506,93
1358645986.060710,91
1358645986.172649,93
1358645986.284142,93
1358645986.395079,91
1358645986.505860,92
1358645986.617557,91
1358645986.728652,92
1358645986.839634,92
1358645986.950513,93
1358645987.061271,92
1358645987.172954,93
1358645987.285386,94
1358645987.396594,94
1358645987.507261,89
1358645987.617918,93
1358645987.728604,93
1358645987.841568,91
1358645987.953105,94
1358645988.064074,95
1358645988.175330,93
1358645988.286380,93
1358645988.398228,94
1358645988.509529,93
1358645988.621115,93
1358645988.732083,94
1358645988.842646,94
1358645988.953712,88
1358645989.064135,95
1358645989.175443,95
1358645989.286023,92
1358645989.397912,94
1358645989.510079,94
1358645989.621616,94
1358645989.732507,95
1358645989.843175,95
1358645989.953620,94
1358645990.064923,94
1358645990.176165,94
1358645990.286611,96
1358645990.397852,95
1358645990.509413,96
1358645990.620741,95
1358645990.731576,91
1358645990.842029,97
1358645990.952861,97
1358645991.063216,95
1358645991.173731,96
1358645991.284348,96
1358645991.396142,97
1358645991.508019,97
1358645991.619038,97
1358645991.731137,96
1358645991.842239,96
1358645991.953602,98
1358645992.065180,98
1358645992.177190,90
1358645992.289573,98
1358645992.401145,98
1358645992.512335,93
1358645992.624026,97
1358645992.735205,97
1358645992.846920,96
1358645992.958546,97
1358645993.070260,97
1358645993.181643,96
1358645993.293217,97
1358645993.405132,96
1358645993.516405,97
1358645993.628032,97
1358645993.739287,98
1358645993.850503,97
1358645993.961393,90
1358645994.072659,97
1358645994.184269,98
1358645994.296485,92
1358645994.408541,98
1358645994.519886,100
1358645994.630627,97
1358645994.742012,98
1358645994.853178,98
1358645994.964940,98
1358645995.076885,97
1358645995.188233,97
1358645995.299674,98
1358645995.411100,98
1358645995.522327,98
1358645995.633445,97
1358645995.744613,89
1358645995.855859,99
1358645995.967087,99
1358645996.078674,91
1358645996.190303,97
1358645996.301362,93
1358645996.412229,86
1358645996.523658,80
1358645996.634974,67
1358645996.746316,53
1358645996.857678,40
1358645996.968979,27
1358645997.080305,52
1358645997.191541,47
1358645997.302579,49
1358645997.413915,50
1358645997.525086,50
1358645997.636412,49
1358645997.748564,50
1358645997.863238,49
1358645997.974771,50
1358645998.085709,51
1358645998.196874,52
1358645998.308250,52
1358645998.419154,51
1358645998.529733,52
1358645998.640391,53
1358645998.752209,53
1358645998.863741,53
1358645998.975024,52
1358645999.086741,52
1358645999.198156,50
1358645999.308972,53
1358645999.420014,52
1358645999.530619,53
1358645999.641026,51
1358645999.751219,51
1358645999.862187,53
1358645999.972804,53
1358646000.085027,54
1358646000.196407,53
1358646000.308304,53
1358646000.420346,53
1358646000.532064,54
1358646000.643344,54
1358646000.756240,54
1358646000.867784,54
1358646000.979454,53
1358646001.094787,54
1358646001.208390,55
1358646001.320673,54
1358646001.433356,54
1358646001.546582,54
1358646001.659123,54
1358646001.771218,55
1358646001.882775,55
1358646001.993566,56
1358646002.105465,57
1358646002.217134,56
1358646002.330174,56
1358646002.442518,55
1358646002.553664,56
1358646002.664526,56
1358646002.775065,56
1358646002.885713,56
1358646002.996381,56
1358646003.106840,57
1358646003.218158,57
1358646003.328836,58
1358646003.439589,57
1358646003.550008,57
1358646003.660504,57
1358646003.770794,58
1358646003.881308,57
1358646003.991683,57
1358646004.101925,58
1358646004.213361,59
1358646004.325074,59
1358646004.436970,60
1358646004.548129,59
1358646004.660046,60
1358646004.771920,59
1358646004.883772,62
1358646004.995615,61
1358646005.107466,61
1358646005.218595,60
1358646005.329630,59
1358646005.440669,59
1358646005.551724,60
1358646005.662909,61
1358646005.774608,62
1358646005.885983,60
1358646005.997334,59
1358646006.108271,61
1358646006.219204,60
1358646006.330592,60
1358646006.441675,59
1358646006.553777,61
1358646006.665489,61
1358646006.776965,62
1358646006.888066,62
1358646006.999522,62
1358646007.111463,62
1358646007.222575,61
1358646007.333958,60
1358646007.445272,61
1358646007.556367,62
1358646007.667910,63
1358646007.779852,64
1358646007.892490,62
1358646008.004527,62
1358646008.115812,62
1358646008.227506,63
1358646008.338665,63
1358646008.449999,62
1358646008.561629,64
1358646008.672871,63
1358646008.784026,63
1358646008.895302,64
1358646009.007313,64
1358646009.118554,64
1358646009.229430,65
1358646009.340056,63
1358646009.450921,63
1358646009.562757,64
1358646009.674391,64
1358646009.785806,64
1358646009.897073,64
1358646010.008309,64
1358646010.119574,64
1358646010.231184,65
1358646010.341594,65
1358646010.452453,66
1358646010.563430,66
1358646010.674299,66
1358646010.784707,67
1358646010.895431,67
1358646011.006946,67
1358646011.118186,66
1358646011.228855,65
1358646011.340570,66
1358646011.452212,67
1358646011.563712,67
1358646011.675784,69
1358646011.787494,67
1358646011.899601,67
1358646012.011582,67
1358646012.123223,67
1358646012.234914,67
1358646012.345816,67
1358646012.457610,68
1358646012.568839,65
1358646012.679931,66
1358646012.790717,68
1358646012.901831,68
1358646013.013073,68
1358646013.123847,67
1358646013.234771,67
1358646013.346131,68
1358646013.458742,68
1358646013.570849,68
1358646013.681989,68
1358646013.792997,68
1358646013.904333,68
1358646014.015637,69
1358646014.127095,69
1358646014.238612,69
1358646014.349570,70
1358646014.460973,68
1358646014.572584,68
1358646014.684399,68
1358646014.796607,69
1358646014.907473,70
1358646015.019310,71
1358646015.130415,70
1358646015.241167,69
1358646015.351725,70
1358646015.462622,70
1358646015.573202,70
1358646015.684740,69
1358646015.796093,69
1358646015.906752,69
1358646016.017854,71
1358646016.128827,71
1358646016.239467,73
1358646016.350024,71
1358646016.460752,70
1358646016.572616,71
1358646016.683688,71
1358646016.796939,71
1358646016.908624,72
1358646017.020133,70
1358646017.132547,71
1358646017.243603,73
1358646017.354374,74
1358646017.465222,74
1358646017.575795,74
1358646017.686793,72
1358646017.798839,72
1358646017.910945,73
1358646018.022139,73
1358646018.132860,73
1358646018.245002,76
1358646018.357139,74
1358646018.468833,74
1358646018.580056,74
1358646018.691590,74
1358646018.803724,74
1358646018.915474,73
1358646019.026890,72
1358646019.137850,72
1358646019.248583,73
1358646019.360072,75
1358646019.470493,75
1358646019.580757,74
1358646019.691021,74
1358646019.801338,75
1358646019.911755,74
1358646020.022921,75
1358646020.133916,73
1358646020.244275,73
1358646020.354722,74
1358646020.466023,75
1358646020.577317,76
1358646020.689037,75
1358646020.801152,75
1358646020.912823,75
1358646021.023621,75
1358646021.134281,76
1358646021.245346,76
1358646021.356452,74
1358646021.466939,75
1358646021.577481,76
1358646021.687953,76
1358646021.798347,76
1358646021.909075,76
1358646022.020057,76
1358646022.130639,77
1358646022.241644,77
1358646022.353273,78
1358646022.465458,75
1358646022.576785,75
1358646022.688479,76
1358646022.799527,77
1358646022.910356,77
1358646023.021416,79
1358646023.132990,77
1358646023.244504,77
1358646023.355702,78
1358646023.467920,77
1358646023.580052,77
1358646023.691500,77
1358646023.803342,77
1358646023.914542,78
1358646024.025345,78
1358646024.136901,79
1358646024.249984,80
1358646024.361996,80
1358646024.483448,78
1358646024.595004,80
1358646024.707220,79
1358646024.819592,79
1358646024.931890,79
1358646025.043198,81
1358646025.154443,79
1358646025.265112,79
1358646025.375777,80
1358646025.486470,81
1358646025.597664,82
1358646025.709423,80
1358646025.821668,79
1358646025.933274,79
1358646026.044730,80
1358646026.157386,80
1358646026.269586,80
1358646026.380681,79
1358646026.492638,80
1358646026.603729,80
1358646026.715749,82
1358646026.827696,81
1358646026.938896,81
1358646027.050177,80
1358646027.162076,80
1358646027.273224,80
1358646027.384620,81
1358646027.496497,81
1358646027.607215,81
1358646027.718342,80
1358646027.829388,80
1358646027.940398,80
1358646028.051413,82
1358646028.162378,82
1358646028.274072,82
1358646028.385389,81
1358646028.496328,81
1358646028.607309,83
1358646028.718940,83
1358646028.830513,82
1358646028.941996,83
1358646029.053308,81
1358646029.165488,81
1358646029.276885,82
1358646029.388904,83
1358646029.500288,83
1358646029.611518,84
1358646029.723139,82
1358646029.834854,82
1358646029.946140,82
1358646030.057314,83
1358646030.168777,83
1358646030.280094,83
1358646030.390821,82
1358646030.501780,82
1358646030.612545,84
1358646030.726530,85
1358646030.838932,85
1358646030.951375,85
1358646031.063328,85
1358646031.175626,86
1358646031.287237,84
1358646031.399740,83
1358646031.510914,84
1358646031.621554,85
1358646031.732411,86
1358646031.843066,87
1358646031.953990,85
1358646032.069003,84
1358646032.180513,85
1358646032.291705,86
1358646032.403523,86
1358646032.514889,86
1358646032.625786,85
1358646032.737123,85
1358646032.848256,85
1358646032.959652,86
1358646033.071256,85
1358646033.182774,85
1358646033.293507,85
1358646033.404080,85
1358646033.514686,86
1358646033.625132,86
1358646033.735490,87
1358646033.846420,86
1358646033.957680,86
1358646034.068974,87
1358646034.179370,87
1358646034.289740,87
1358646034.400366,85
1358646034.511112,85
1358646034.621542,87
1358646034.731931,87
1358646034.842347,86
1358646034.952766,88
1358646035.063277,88
1358646035.173663,87
1358646035.283972,87
1358646035.394426,88
1358646035.504906,88
1358646035.615052,89
1358646035.725487,86
1358646035.836437,86
1358646035.947159,88
1358646036.057690,88
1358646036.168280,88
1358646036.278757,88
1358646036.390340,88
1358646036.502369,89
1358646036.613735,89
1358646036.724613,89
1358646036.836491,87
1358646036.948695,87
1358646037.060087,87
1358646037.172028,88
1358646037.283215,89
1358646037.395384,90
1358646037.506483,91
1358646037.616702,89
1358646037.728067,89
1358646037.839679,91
1358646037.951735,90
1358646038.062771,90
1358646038.174319,90
1358646038.285380,92
1358646038.396361,90
1358646038.508623,90
1358646038.619956,90
1358646038.730962,92
1358646038.842141,92
1358646038.952989,93
1358646039.065437,91
1358646039.176554,90
1358646039.288119,91
1358646039.399287,92
1358646039.510140,92
1358646039.620839,91
1358646039.732039,91
1358646039.843034,92
1358646039.953776,91
1358646040.064995,91
1358646040.176748,93
1358646040.289503,90
1358646040.402402,89
1358646040.514026,90
1358646040.625432,92
1358646040.736141,92
1358646040.847116,92
1358646040.957592,91
1358646041.069495,91
1358646041.180464,91
1358646041.292169,92
1358646041.403572,92
1358646041.514529,92
1358646041.625268,92
1358646041.736051,91
1358646041.846711,88
1358646041.958041,92
1358646042.069920,93
1358646042.181065,92
1358646042.292754,92
1358646042.404041,92
1358646042.515790,93
1358646042.627097,93
1358646042.738063,93
1358646042.849160,92
1358646042.961074,92
1358646043.072497,92
1358646043.184196,94
1358646043.295615,93
1358646043.406546,93
1358646043.518844,94
1358646043.630293,90
1358646043.741675,93
1358646043.853714,93
1358646043.966500,93
1358646044.079075,94
1358646044.191311,94
1358646044.304328,94
1358646044.416377,94
1358646044.527892,93
1358646044.639172,94
1358646044.751014,93
1358646044.864326,93
1358646044.975703,96
1358646045.087310,96
1358646045.198819,96
1358646045.310895,97
1358646045.422449,91
1358646045.534967,95
1358646045.646716,95
1358646045.758100,93
1358646045.869440,96
1358646045.980647,96
1358646046.091642,95
1358646046.202694,95
1358646046.313690,97
1358646046.425700,97
1358646046.537225,97
1358646046.649194,97
1358646046.760741,96
1358646046.871689,89
1358646046.982956,97
1358646047.094242,97
1358646047.205021,91
1358646047.315482,95
1358646047.425853,95
1358646047.536013,95
1358646047.646151,97
1358646047.756631,98
1358646047.867140,95
1358646047.977611,96
1358646048.087948,97
1358646048.199095,97
1358646048.310533,88
1358646048.421602,96
1358646048.532331,96
1358646048.643004,90
1358646048.753899,97
1358646048.865771,98
1358646048.977836,94
1358646049.089842,96
1358646049.201019,96
1358646049.312453,97
1358646049.424376,97
1358646049.535983,97
1358646049.647358,98
1358646049.758905,97
1358646049.870524,97
1358646049.982056,99
1358646050.093575,89
1358646050.204952,99
1358646050.316622,99
1358646050.427638,92
1358646050.538793,98
1358646050.649394,99
1358646050.759652,94
1358646050.870100,97
1358646050.980390,98
1358646051.090463,97
1358646051.200747,98
1358646051.310973,99
1358646051.421306,99
1358646051.531848,97
1358646051.642243,98
1358646051.752841,98
1358646051.864571,95
1358646051.976235,100
1358646052.087441,97
1358646052.198331,96
1358646052.310205,84
1358646052.421739,71
1358646052.533177,57
1358646052.644153,43
1358646052.754513,30
1358646052.865042,16
1358646052.976924,45
1358646053.088597,46
1358646053.199775,47
1358646053.311286,48
1358646053.422936,47
1358646053.534420,46
1358646053.644736,46
1358646053.755093,48
1358646053.865418,48
1358646053.975688,49
1358646054.085991,47
1358646054.196427,48
1358646054.307222,49
1358646054.419151,49
1358646054.530250,51
1358646054.641508,49
1358646054.752699,49
1358646054.863701,50
1358646054.975380,50
1358646055.087716,50
1358646055.199577,50
1358646055.310710,50
1358646055.421751,51
1358646055.532845,51
1358646055.644149,51
1358646055.755284,51
1358646055.867071,52
1358646055.978474,50
1358646056.089431,50
1358646056.200317,52
1358646056.311285,51
1358646056.422644,51
1358646056.534455,52
1358646056.645270,50
1358646056.755777,51
1358646056.866651,52
1358646056.977484,53
1358646057.088845,54
1358646057.199958,52
1358646057.310982,52
1358646057.422921,53
1358646057.534729,53
1358646057.646069,53
1358646057.757054,54
1358646057.867930,53
1358646057.978397,53
1358646058.088736,54
1358646058.199336,54
1358646058.311100,54
1358646058.422377,53
1358646058.533156,53
1358646058.644981,56
1358646058.756061,56
1358646058.867260,56
1358646058.978696,55
1358646059.090124,55
1358646059.201818,55
1358646059.313204,56
1358646059.424286,56
1358646059.534920,57
1358646059.645670,56
1358646059.756814,55
1358646059.868479,57
1358646059.980662,57
1358646060.092719,56
1358646060.204899,56
1358646060.316538,55
1358646060.428178,56
1358646060.540878,56
1358646060.653324,56
1358646060.764851,57
1358646060.877598,58
1358646060.989707,58
1358646061.101779,57
1358646061.214743,57
1358646061.326557,56
1358646061.437724,57
1358646061.548830,57
1358646061.659414,58
1358646061.770387,58
1358646061.881130,58
1358646061.991748,58
1358646062.102841,58
1358646062.214780,59
1358646062.327313,59
1358646062.439477,59
1358646062.551035,59
1358646062.663794,58
1358646062.776056,58
1358646062.887254,59
1358646062.997986,60
1358646063.109292,60
1358646063.220606,61
1358646063.332371,62
1358646063.444260,59
1358646063.555794,60
1358646063.666675,60
1358646063.777527,59
1358646063.888442,59
1358646063.999486,61
1358646064.110569,61
1358646064.221963,62
1358646064.332442,63
1358646064.444329,61
1358646064.555700,60
1358646064.666714,61
1358646064.778665,62
1358646064.889699,62
1358646065.001079,63
1358646065.111839,62
1358646065.223785,63
1358646065.335069,64
1358646065.446693,64
1358646065.557803,64
1358646065.674037,63
1358646065.785840,63
1358646065.898520,64
1358646066.010715,62
1358646066.122633,63
1358646066.233701,63
1358646066.344505,64
1358646066.456585,64
1358646066.567984,64
1358646066.679839,63
1358646066.792724,63
1358646066.904830,62
1358646067.015907,63
1358646067.127207,63
1358646067.238147,65
1358646067.349346,66
1358646067.461083,64
1358646067.572155,64
1358646067.683144,65
1358646067.795363,65
1358646067.907139,65
1358646068.018881,65
1358646068.130281,63
1358646068.241564,64
1358646068.353509,64
1358646068.465212,66
1358646068.577258,66
1358646068.688327,66
1358646068.800137,67
1358646068.911592,65
1358646069.022848,65
1358646069.133894,66
1358646069.244913,67
1358646069.355397,67
1358646069.465831,66
1358646069.576207,66
1358646069.688186,66
1358646069.800273,67
1358646069.910983,66
1358646070.021317,65
1358646070.131500,66
1358646070.241973,67
1358646070.352332,68
1358646070.462861,69
1358646070.573767,67
1358646070.684261,67
1358646070.794721,68
1358646070.906262,68
1358646071.018197,68
1358646071.129211,67
1358646071.241280,68
1358646071.352081,68
1358646071.463785,71
1358646071.575362,70
1358646071.686389,70
1358646071.797781,69
1358646071.909407,69
1358646072.021973,69
1358646072.133094,70
1358646072.244903,70
1358646072.356735,70
1358646072.468411,71
1358646072.580165,71
1358646072.691642,70
1358646072.802831,71
1358646072.913807,70
1358646073.024908,70
1358646073.137102,71
1358646073.248704,69
1358646073.359776,69
1358646073.472077,69
1358646073.583474,72
1358646073.695009,72
1358646073.807143,71
1358646073.918860,72
1358646074.029910,70
1358646074.140475,70
1358646074.251431,71
1358646074.362066,71
1358646074.472796,70
1358646074.583514,70
1358646074.694415,71
1358646074.805514,73
1358646074.917317,73
1358646075.028768,72
1358646075.140117,71
1358646075.250860,71
1358646075.361715,72
1358646075.474241,72
1358646075.585567,72
1358646075.696864,73
1358646075.807935,72
1358646075.919418,73
1358646076.030245,74
1358646076.141178,73
1358646076.252275,73
1358646076.363591,72
1358646076.475068,72
1358646076.586422,72
1358646076.697398,73
1358646076.808776,74
1358646076.920166,74
1358646077.031600,74
1358646077.142415,74
1358646077.253104,74
1358646077.364968,74
1358646077.476111,74
1358646077.589864,74
1358646077.701454,75
1358646077.813116,74
1358646077.925138,75
1358646078.036794,75
1358646078.147827,76
1358646078.258750,77
1358646078.370240,77
1358646078.482094,75
1358646078.593386,75
1358646078.705092,75
1358646078.816349,76
1358646078.928306,77
1358646079.041192,76
1358646079.152458,78
1358646079.263760,76
1358646079.374549,77
1358646079.485118,78
1358646079.595584,77
1358646079.706624,77
1358646079.817730,75
1358646079.928294,76
1358646080.038725,77
1358646080.149011,77
1358646080.259504,76
1358646080.370059,76
1358646080.480613,77
1358646080.594006,78
1358646080.706021,77
1358646080.818001,77
1358646080.930806,77
1358646081.042186,77
1358646081.153327,77
1358646081.264241,77
1358646081.375127,78
1358646081.487027,78
1358646081.598245,79
1358646081.709239,77
1358646081.820688,78
1358646081.932914,78
1358646082.045576,79
1358646082.157790,78
1358646082.268948,78
1358646082.380508,80
1358646082.492769,78
1358646082.604789,78
1358646082.716335,78
1358646082.828512,79
1358646082.940375,79
1358646083.051700,80
1358646083.163519,80
1358646083.274570,79
1358646083.385744,79
1358646083.497290,79
1358646083.608550,79
1358646083.719427,79
1358646083.830923,80
1358646083.942356,79
1358646084.054595,79
1358646084.165890,79
1358646084.276822,80
1358646084.387575,81
1358646084.498938,82
1358646084.610867,80
1358646084.722971,81
1358646084.834431,81
1358646084.945286,82
1358646085.056310,82
1358646085.166893,84
1358646085.281672,82
1358646085.392880,81
1358646085.503887,81
1358646085.614457,83
1358646085.725471,83
1358646085.836531,83
1358646085.947166,82
1358646086.057716,82
1358646086.168059,83
1358646086.279509,84
1358646086.391365,83
1358646086.503120,82
1358646086.615447,81
1358646086.726044,81
1358646086.836558,82
1358646086.947092,83
1358646087.057287,82
1358646087.167658,82
1358646087.277896,83
1358646087.388023,84
1358646087.498386,85
1358646087.609425,83
1358646087.720493,82
1358646087.832338,83
1358646087.943482,83
1358646088.054144,83
1358646088.164501,83
1358646088.275969,83
1358646088.387748,84
1358646088.499234,85
1358646088.610134,84
1358646088.721371,86
1358646088.833023,83
1358646088.944744,83
1358646089.057408,83
1358646089.169128,84
1358646089.281674,84
1358646089.393975,84
1358646089.505356,86
1358646089.617186,85
1358646089.728467,84
1358646089.839940,84
1358646089.950911,85
1358646090.061941,85
1358646090.172871,86
1358646090.283941,84
1358646090.394613,84
1358646090.505670,86
1358646090.616540,86
1358646090.727820,86
1358646090.839883,86
1358646090.951163,85
1358646091.062362,85
1358646091.173669,86
1358646091.284961,86
1358646091.395929,86
1358646091.507363,85
1358646091.619254,87
1358646091.730356,87
1358646091.841792,88
1358646091.953385,88
1358646092.064337,88
1358646092.176280,87
1358646092.287167,87
1358646092.397893,88
1358646092.508525,88
1358646092.619218,88
1358646092.729624,88
1358646092.840137,88
1358646092.951230,88
1358646093.061597,89
1358646093.173438,89
1358646093.285880,90
1358646093.397897,87
1358646093.509735,87
1358646093.621879,87
1358646093.733365,89
1358646093.844759,89
1358646093.956214,89
1358646094.068524,88
1358646094.179834,88
1358646094.291569,88
1358646094.402759,89
1358646094.514392,88
1358646094.624967,88
1358646094.735720,87
1358646094.846388,88
1358646094.957223,90
1358646095.068828,90
1358646095.180235,90
1358646095.291330,91
1358646095.403308,89
1358646095.514713,88
1358646095.625731,89
1358646095.736943,89
1358646095.848209,90
1358646095.959556,89
1358646096.072044,89
1358646096.183730,89
1358646096.294844,90
1358646096.406772,89
1358646096.518563,91
1358646096.629985,90
1358646096.741531,89
1358646096.854097,89
1358646096.966143,90
1358646097.077532,90
1358646097.189675,91
1358646097.301161,91
1358646097.412582,91
1358646097.523493,90
1358646097.634347,90
1358646097.745179,92
1358646097.856551,92
1358646097.967580,91
1358646098.078491,90
1358646098.189402,90
1358646098.300284,91
1358646098.411946,92
1358646098.523610,92
1358646098.636506,92
1358646098.747738,93
1358646098.858741,94
1358646098.970388,92
1358646099.081469,92
1358646099.192786,93
1358646099.304044,94
1358646099.415530,92
1358646099.527089,93
1358646099.639068,94
1358646099.750349,94
1358646099.863035,94
1358646099.974207,90
1358646100.088911,93
1358646100.201758,94
1358646100.313877,92
1358646100.424902,93
1358646100.536312,92
1358646100.647705,93
1358646100.760624,94
1358646100.872288,94
1358646100.983291,93
1358646101.094206,93
1358646101.204878,93
1358646101.315677,94
1358646101.426675,94
1358646101.537242,94
1358646101.647548,94
1358646101.757881,93
1358646101.868367,93
1358646101.978880,94
1358646102.090613,94
1358646102.202110,93
1358646102.313435,97
1358646102.424494,94
1358646102.535815,94
1358646102.646702,95
1358646102.757541,95
1358646102.868328,89
1358646102.980189,94
1358646103.092878,94
1358646103.205312,91
1358646103.317613,94
1358646103.429017,96
1358646103.540229,95
1358646103.651000,96
1358646103.761665,94
1358646103.872496,95
1358646103.983216,96
1358646104.093654,96
1358646104.203844,97
1358646104.314282,88
1358646104.424872,96
1358646104.536757,96
1358646104.647720,91
1358646104.759459,97
1358646104.871321,95
1358646104.982577,94
1358646105.094739,95
1358646105.206004,97
1358646105.316597,97
1358646105.426989,98
1358646105.537360,97
1358646105.647428,97
1358646105.757674,99
1358646105.869783,98
1358646105.980957,99
1358646106.092319,90
1358646106.203353,96
1358646106.314809,97
1358646106.425656,93
1358646106.536963,97
1358646106.648835,96
1358646106.761092,90
1358646106.872521,83
1358646106.983758,70
1358646107.094106,56
1358646107.204460,43
1358646107.315217,29
1358646107.426335,52
1358646107.537225,46
1358646107.648862,47
1358646107.759942,47
1358646107.870670,47
1358646107.981085,48
1358646108.091415,50
1358646108.201589,51
1358646108.311833,49
1358646108.421924,49
1358646108.532198,50
1358646108.642315,50
1358646108.752456,49
1358646108.862702,50
1358646109.033128,47
1358646109.143406,52
1358646109.253750,50
1358646109.363837,51
1358646109.475591,51
1358646109.586065,51
1358646109.696263,50
1358646109.806611,50
1358646109.917218,51
1358646110.029184,51
1358646110.140311,52
1358646110.251546,51
1358646110.362779,51
1358646110.474291,51
1358646110.585209,53
1358646110.696259,53
1358646110.807113,53
1358646110.918609,52
1358646111.029318,52
1358646111.139571,53
1358646111.249960,53
1358646111.360335,54
1358646111.470660,53
1358646111.581513,52
1358646111.692171,53
1358646111.802728,53
1358646111.914084,52
1358646112.024657,53
1358646112.135355,53
1358646112.247275,55
1358646112.358565,55
1358646112.470064,55
1358646112.581366,57
1358646112.692113,55
1358646112.804015,55
1358646112.915383,56
1358646113.027384,56
1358646113.138948,57
1358646113.250452,57
1358646113.361690,57
1358646113.473450,56
1358646113.584856,57
1358646113.695964,57
1358646113.806770,57
1358646113.918176,57
1358646114.029334,55
1358646114.141511,56
1358646114.252764,57
1358646114.364188,58
1358646114.475706,58
1358646114.587299,58
1358646114.698626,56
1358646114.809980,56
1358646114.921772,57
1358646115.033887,58
1358646115.145406,58
1358646115.257643,58
1358646115.369205,60
1358646115.480317,58
1358646115.590721,58
1358646115.701302,59
1358646115.811838,58
1358646115.922749,58
1358646116.033177,58
1358646116.143505,59
1358646116.253738,59
1358646116.364031,60
1358646116.474442,59
1358646116.585586,59
1358646116.696374,60
1358646116.808312,60
1358646116.920187,60
1358646117.031774,59
1358646117.143596,59
1358646117.255195,59
1358646117.366877,60
1358646117.478002,60
1358646117.588909,61
1358646117.700571,62
1358646117.812058,61
1358646117.923537,61
1358646118.035952,60
1358646118.148198,61
1358646118.260095,61
1358646118.371338,61
1358646118.482348,60
1358646118.593076,61
1358646118.704147,61
1358646118.815610,63
1358646118.926800,64
1358646119.037806,64
1358646119.149218,63
1358646119.260142,62
1358646119.372418,63
1358646119.484175,63
1358646119.595405,63
1358646119.706932,64
1358646119.818406,64
1358646119.930240,64
1358646120.041336,64
1358646120.154139,65
1358646120.265288,65
1358646120.377403,65
1358646120.489601,64
1358646120.600745,62
1358646120.711417,62
1358646120.822135,65
1358646120.935100,65
1358646121.047962,65
1358646121.159647,65
1358646121.272474,65
1358646121.384381,64
1358646121.495796,64
1358646121.608548,63
1358646121.721661,63
1358646121.834606,64
1358646121.946719,66
1358646122.058813,66
1358646122.170703,66
1358646122.281962,67
1358646122.393591,65
1358646122.505015,65
1358646122.616044,66
1358646122.727242,66
1358646122.838191,67
1358646122.950169,68
1358646123.061130,66
1358646123.171763,66
1358646123.282879,66
1358646123.394170,66
1358646123.505922,66
1358646123.617221,65
1358646123.728337,66
1358646123.839889,66
1358646123.951342,68
1358646124.062403,68
1358646124.174666,68
1358646124.286012,69
1358646124.396950,67
1358646124.508523,67
1358646124.619505,68
1358646124.730382,68
1358646124.841594,68
1358646124.953642,67
1358646125.065380,68
1358646125.177055,68
1358646125.287899,69
1358646125.398887,69
1358646125.510304,70
1358646125.620961,69
1358646125.731789,69
1358646125.842629,70
1358646125.959490,68
1358646126.070800,71
1358646126.182341,71
1358646126.293558,71
1358646126.405017,70
1358646126.517464,69
1358646126.629553,70
1358646126.740912,70
1358646126.852306,72
1358646126.963697,72
1358646127.074503,72
1358646127.185331,70
1358646127.296164,70
1358646127.408456,71
1358646127.519383,71
1358646127.630067,71
1358646127.740940,70
1358646127.851768,70
1358646127.963945,71
1358646128.075412,72
1358646128.188192,72
1358646128.300320,72
1358646128.412778,72
1358646128.526960,72
1358646128.639074,71
1358646128.750381,71
1358646128.862170,71
1358646128.974616,72
1358646129.086401,73
1358646129.198640,73
1358646129.311091,72
1358646129.422793,73
1358646129.534365,72
1358646129.645780,72
1358646129.758575,72
1358646129.871171,72
1358646129.983865,74
1358646130.096507,74
1358646130.208846,74
1358646130.321144,74
1358646130.433763,73
1358646130.546065,72
1358646130.658088,73
1358646130.769225,73
1358646130.881739,74
1358646130.993661,75
1358646131.105087,75
1358646131.216294,75
1358646131.327360,74
1358646131.439241,74
1358646131.550109,73
1358646131.660516,74
1358646131.772458,75
1358646131.884809,75
1358646131.996910,75
1358646132.109699,76
1358646132.222414,76
1358646132.334639,76
1358646132.446451,76
1358646132.558548,77
1358646132.670999,75
1358646132.783537,76
1358646132.895217,78
1358646133.007726,77
1358646133.120510,77
1358646133.232770,77
1358646133.344311,77
1358646133.455942,78
1358646133.568026,78
1358646133.679588,77
1358646133.791420,78
1358646133.903421,75
1358646134.015770,76
1358646134.127161,76
1358646134.240088,78
1358646134.353061,78
1358646134.465307,78
1358646134.576836,78
1358646134.688127,79
1358646134.799539,76
1358646134.912401,76
1358646135.024203,77
1358646135.136475,78
1358646135.248030,78
1358646135.359430,78
1358646135.471829,79
1358646135.582978,78
1358646135.693722,78
1358646135.804644,79
1358646135.915508,79
1358646136.028083,79
1358646136.140893,78
1358646136.253120,80
1358646136.364676,78
1358646136.475544,78
1358646136.587249,79
1358646136.698847,80
1358646136.809978,80
1358646136.921462,81
1358646137.033469,79
1358646137.144440,79
1358646137.255745,80
1358646137.367127,79
1358646137.477868,79
1358646137.589577,80
1358646137.700505,79
1358646137.812770,79
1358646137.924811,80
1358646138.037289,81
1358646138.149918,81
1358646138.261873,81
1358646138.372682,81
1358646138.484954,80
1358646138.596562,80
1358646138.707985,80
1358646138.819827,81
1358646138.931519,82
1358646139.042487,81
1358646139.153416,80
1358646139.264209,81
1358646139.374950,81
1358646139.485788,83
1358646139.596807,83
1358646139.707768,82
1358646139.818620,82
1358646139.930092,82
1358646140.042180,83
1358646140.154100,83
1358646140.266216,83
1358646140.377690,83
1358646140.490819,85
1358646140.603144,83
1358646140.714573,83
1358646140.827693,82
1358646140.940094,82
1358646141.052973,84
1358646141.165588,84
1358646141.276954,83
1358646141.387743,84
1358646141.498945,82
1358646141.609903,82
1358646141.721299,83
1358646141.832242,84
1358646141.943116,84
1358646142.054940,84
1358646142.166552,84
1358646142.277639,84
1358646142.388459,85
1358646142.500841,84
1358646142.612213,84
1358646142.723954,83
1358646142.834830,83
1358646142.945846,83
1358646143.057291,84
1358646143.168809,86
1358646143.281496,86
1358646143.394263,86
1358646143.505962,84
1358646143.617131,84
1358646143.729871,84
1358646143.842330,84
1358646143.955126,85
1358646144.066600,85
1358646144.178444,86
1358646144.290734,86
1358646144.402879,87
1358646144.514681,86
1358646144.626582,85
1358646144.739245,85
1358646144.852148,86
1358646144.964327,86
1358646145.076671,87
1358646145.188415,87
1358646145.299835,88
1358646145.412925,86
1358646145.524647,85
1358646145.635758,85
1358646145.748342,86
1358646145.861341,87
1358646145.974259,88
1358646146.087141,89
1358646146.198228,89
1358646146.310436,90
1358646146.422310,88
1358646146.538047,87
1358646146.650284,87
1358646146.762444,87
1358646146.874324,87
1358646146.985917,88
1358646147.097174,89
1358646147.210118,89
1358646147.321040,89
1358646147.431707,89
1358646147.543029,89
1358646147.655502,89
1358646147.767789,89
1358646147.880114,89
1358646147.991598,88
1358646148.103446,88
1358646148.215460,88
1358646148.326831,88
1358646148.438897,89
1358646148.551558,90
1358646148.662296,90
1358646148.774800,89
1358646148.887030,90
1358646148.999187,88
1358646149.111182,89
1358646149.223198,89
1358646149.334874,90
1358646149.447789,90
1358646149.559684,90
1358646149.671614,90
1358646149.784264,90
1358646149.897061,88
1358646150.010785,89
1358646150.123644,90
1358646150.239845,90
1358646150.352773,90
1358646150.465480,90
1358646150.578136,90
1358646150.690726,89
1358646150.803506,87
1358646150.916881,90
1358646151.029816,91
1358646151.142080,91
1358646151.254280,91
1358646151.366498,92
1358646151.479563,93
1358646151.593579,93
1358646151.706653,91
1358646151.818262,90
1358646151.928985,90
1358646152.041089,91
1358646152.153169,91
1358646152.264486,92
1358646152.376215,93
1358646152.486766,91
1358646152.598298,88
1358646152.709024,92
1358646152.820018,93
1358646152.931960,91
1358646153.044794,94
1358646153.157055,93
1358646153.270857,92
1358646153.382906,92
1358646153.495861,93
1358646153.608426,93
1358646153.721338,93
1358646153.833396,94
1358646153.946088,94
1358646154.058900,94
1358646154.170690,94
1358646154.283781,94
1358646154.396195,89
1358646154.508173,93
1358646154.621593,93
1358646154.734382,91
1358646154.847294,94
1358646154.959223,95
1358646155.070791,93
1358646155.182813,94
1358646155.294797,94
1358646155.406159,93
1358646155.517435,94
1358646155.628252,94
1358646155.739220,95
1358646155.850488,94
1358646155.961404,95
1358646156.072264,96
1358646156.183606,96
1358646156.294792,95
1358646156.405614,95
1358646156.516762,89
1358646156.627777,95
1358646156.738572,95
1358646156.849507,91
1358646156.961337,94
1358646157.072546,94
1358646157.183451,96
1358646157.294538,95
1358646157.405693,96
1358646157.516859,95
1358646157.628422,95
1358646157.739589,96
1358646157.850667,96
1358646157.961803,96
1358646158.072819,95
1358646158.183858,95
1358646158.295639,90
1358646158.406907,97
1358646158.518009,96
1358646158.628935,93
1358646158.740647,95
1358646158.852142,95
1358646158.963228,95
1358646159.074607,96
1358646159.186783,96
1358646159.298280,96
1358646159.409643,91
1358646159.520895,97
1358646159.631904,97
1358646159.742797,93
1358646159.853933,96
1358646159.964954,97
1358646160.079154,96
